.Random.seed <-
c(403L, 10L, 407751922L, -887650963L, -156187993L, 1399336142L, 
1422295592L, -1612402133L, 572561481L, -1714370216L, 627953670L, 
-1616625183L, -459019405L, -1498308638L, 24426324L, -785499561L, 
-1558807987L, -1503986204L, 2021414858L, -459539915L, -1570930545L, 
-2091589226L, -1918304960L, -1318998013L, 1002156577L, 982897936L, 
1839373038L, -170137959L, -1614346453L, -995671526L, -318258980L, 
-192676641L, -1957279051L, -39617460L, 932143266L, -266878979L, 
-1879917321L, 800262686L, 1437730008L, 1366546491L, -1208286759L, 
592680808L, -750249322L, -515070959L, -1928817213L, -1548437038L, 
-1489227676L, -1955369049L, -1566301955L, -187607820L, -665439270L, 
-1242142939L, -703451585L, -1397516858L, 1642508880L, 1368804979L, 
-1650523503L, 858028736L, 8412318L, -689336215L, -886485861L, 
177898922L, -1008032308L, -398653297L, -1227765563L, 2003224700L, 
-1843100462L, 2102647885L, 1897565447L, -1621380882L, 629744072L, 
991176395L, 1238120233L, -809697416L, -1471470426L, 320087745L, 
595238739L, -1489036286L, -1501812428L, -52419913L, 1050001069L, 
618016708L, 2139363306L, 1638086741L, 342664687L, 974818806L, 
-2079098080L, 2014123235L, -1256582783L, -331847696L, -1064073586L, 
1476782585L, 1965417355L, 2011115450L, 1050115772L, -403728897L, 
2114638677L, 326870124L, 1681899714L, 1782031133L, 1677769111L, 
468730110L, 2041426616L, 1125510299L, 1709062905L, -1150374840L, 
-1473491082L, 2054724273L, 1923824355L, 455276978L, 1124051460L, 
-300433081L, -745083875L, 954622612L, -90551750L, -395721595L, 
-966657697L, -1649575450L, 1955809392L, -539370605L, -1020965839L, 
625722080L, 52761470L, -552678903L, 454836795L, -1091945462L, 
-1362451476L, 1275644015L, -510679131L, 287354716L, -1716915406L, 
1927068205L, -339920665L, 114006542L, 1502201832L, -929785365L, 
-780252535L, 823583256L, -1218098874L, 1911744417L, -466556365L, 
325437346L, 1919763092L, 79665431L, -1500248307L, 1541324324L, 
-1997363702L, 1387798389L, -1323636017L, -1085346346L, -1389616768L, 
1508309443L, -968380575L, -948169264L, 845972782L, 286061785L, 
-890663189L, -539120806L, 1623313692L, -1651241953L, 273559669L, 
769273100L, 2028601570L, -1585051203L, -1980215753L, -1614060322L, 
-166567912L, -2107318405L, 634322713L, 726860712L, -485985450L, 
636955601L, 1985265539L, -1808872942L, -1955562076L, -1856943769L, 
-1175398723L, 427327028L, -1675401830L, -1865367067L, 1723166079L, 
-995425018L, 1895374480L, -1461086413L, 1688069329L, 681352832L, 
467035998L, -2123414359L, -1375422629L, 1964772714L, -1284440052L, 
-415172529L, 2062577925L, -790509124L, -1035592558L, 2119001997L, 
399826887L, 1658832046L, 934438152L, -981806325L, 1189395945L, 
1681459896L, 589270374L, 476513793L, -760385389L, 2091649858L, 
-1258699532L, 2052010231L, 178907373L, 1570425732L, -475249238L, 
-2108990699L, 76122543L, 1620478390L, 1798107104L, -997064925L, 
-574410687L, 183986992L, -638836402L, -1087056967L, -239008309L, 
-873122182L, -2122384516L, 546296767L, 890829973L, 1866891948L, 
1773183106L, 720580701L, -1732769961L, 762978412L, 863352116L, 
-572095854L, -538343584L, 73908044L, 944521184L, 610266018L, 
537246632L, 869120396L, 1811313852L, -1956322958L, 408887536L, 
1889607748L, 534990168L, -1086234054L, 1226960752L, 610147388L, 
752556820L, -145779262L, 92317408L, -108555396L, 1220104912L, 
1454597282L, -85587928L, 2012338444L, 2144502716L, -1181248206L, 
1168552384L, -1747930572L, 1875871688L, -1871801158L, 1769232784L, 
1007706604L, 1269567060L, -300741486L, -1095771360L, 916345292L, 
-140685856L, -1211474238L, -1306288088L, -61919572L, 48353468L, 
-350079502L, 1623838000L, -2000751452L, 1712231096L, -1509512870L, 
756371856L, -1498038404L, 1543297300L, -532365502L, 260701952L, 
671335356L, -1913664688L, -855797982L, -1862515384L, 2132928012L, 
711782492L, -599787310L, -1962072576L, -1656772268L, 2145613288L, 
-1359195142L, -423035696L, -190715604L, -382232844L, 1920513426L, 
1833492576L, 897672460L, -453143840L, 1034540386L, 1391151784L, 
-1339854260L, -453120644L, 1514983730L, 518986864L, -648551612L, 
2082494936L, 491138170L, -1134158288L, 2147365564L, -2086614188L, 
1245347906L, -209663584L, -1263454532L, -595544624L, -495006366L, 
49266664L, -1080881204L, -1029367044L, 1211043314L, -259947392L, 
2027094260L, 1131274888L, 635904826L, -379764912L, 1411969644L, 
-773097324L, 1021534546L, -607951136L, 1804385996L, -1533968224L, 
1060554626L, 2089494248L, -1572626708L, -105283524L, 702361202L, 
-1828676496L, 1136853540L, 220409912L, -1600071654L, -1761749296L, 
-1400349636L, 486442132L, -1619187582L, 1614581696L, 1791052092L, 
903253648L, -352417758L, -1908373496L, 2017377420L, 722162716L, 
916783762L, 1638453376L, -2107939820L, -891502296L, -1823835590L, 
-1703242544L, -1322664852L, -1443799372L, -623925230L, -456347680L, 
1139502028L, 1585022432L, -2131166686L, -127830744L, -441651956L, 
-975174084L, -1589307150L, -2048571664L, 1045176132L, -604207528L, 
-1266521542L, -831631632L, -2111440708L, -1219708396L, -1985184574L, 
598183008L, -741560964L, -853804848L, -1613435870L, 1726932648L, 
519285644L, -142813764L, -834395086L, 2101530432L, 1676223668L, 
1104420680L, 1599034042L, -868401392L, 1560724716L, 1343556692L, 
-337498350L, 1106280352L, -1179958324L, 2055936864L, 2042889410L, 
-1926529496L, -1238778452L, -1905202372L, 60118898L, 1126874928L, 
-1489660380L, 606792760L, -63903526L, -587924080L, -472474884L, 
2089010068L, 865738562L, 262874624L, 1153494588L, 1168855632L, 
969588386L, -110466232L, 971072012L, 1858181340L, -848258478L, 
-1689372544L, -2113608876L, 84069864L, 1914441466L, 772279120L, 
-1764848596L, -701081228L, 1379112594L, -1181516192L, 950146700L, 
100423520L, 1655005922L, -1120956248L, 675011788L, -796216836L, 
-1572304974L, -1452267024L, -1863346748L, -93719720L, 1943424890L, 
-356473424L, -818561604L, 465120340L, 135983042L, -1925728480L, 
2103886780L, 396066384L, -868795934L, -579590808L, -647817908L, 
1248779516L, -1067859214L, 307489536L, -1785049484L, -187089912L, 
1808517562L, -397554736L, 1607407084L, -1508679788L, -446869806L, 
-894554062L, 404827648L, 1564204777L, -434184869L, -913551444L, 
1009849274L, -1568649873L, 560703225L, -1287741554L, 588380L, 
1687525581L, 1728022583L, -777399616L, 1108084126L, 1314686571L, 
1271897581L, -1707709350L, 1579571992L, 526368897L, 1068889651L, 
34622548L, 183167074L, -679321865L, -1505660607L, -1034491962L, 
1060363524L, 631182517L, 1890005919L, 116079608L, 1278326230L, 
1683065955L, 1481914405L, -1199456318L, 652055728L, 1956716761L, 
-329730485L, -1047860036L, -1857744150L, 434336543L, -976880727L, 
1960463678L, 1888187436L, 1551602301L, 749112519L, 215882160L, 
288318414L, 1877557499L, 257541981L, 242689162L, 365163176L, 
1892064785L, 1903087363L, -39851516L, -1243655630L, 1172566663L, 
-1999632687L, -1202671530L, 347803700L, 748467013L, -556908145L, 
1165764872L, 1960014630L, 460262355L, -1435734731L, 549399698L, 
-1117461408L, -1656208951L, 1715927291L, -2035464500L, -920880294L, 
-2078146993L, 2016541465L, 888964398L, -12878020L, -420201299L, 
1591242583L, 809001632L, 1300081662L, -1142797621L, -1495282483L, 
-814264326L, -1571085256L, -496957983L, -1655345517L, 746519732L, 
-732863038L, 2094069207L, 526162465L, 565365222L, -862904092L, 
-1845886955L, -1041932225L, -201560104L, 1932317174L, -608292349L, 
-1440684731L, -993005214L, -988980528L, -341756423L, -1077658325L, 
-1478697316L, -808170294L, -1735498305L, 173816073L, 1300814366L, 
-70789172L, -247069283L, -1908039641L, -1441591728L, 1458338542L, 
789160859L, -1262489091L, 128140522L, 1122045832L, 1109084465L, 
1592801699L, -1772229212L, 87412818L, 1666352039L, -1568106511L, 
-2064895178L, 1332297684L, -507722395L, 1067002223L, 1794544552L, 
-1484687098L, 81139763L, -725438827L, 1994401522L, -1276840128L, 
1697211561L, -513566437L, -1325981972L, 415859450L, 1268534063L, 
-972631239L, 1591444814L, -1289882724L, 473659661L, -922625161L, 
-337793152L, -2141356578L, 998826667L, -1163928147L, 644280858L, 
